<?xml version="1.0" encoding="utf-8"?>
<COLLADA xmlns="http://www.collada.org/2005/11/COLLADASchema" version="1.4.1">
  <asset><contributor><author></author><authoring_tool>FBX COLLADA exporter</authoring_tool><comments></comments></contributor><created>2019-04-05T14:09:32Z</created><keywords></keywords><modified>2019-04-05T14:09:32Z</modified><revision></revision><subject></subject><title></title><unit meter="0.010000" name="centimeter"></unit><up_axis>Y_UP</up_axis></asset>
  <library_materials>
    <material id="lambert1" name="lambert1">
      <instance_effect url="#lambert1-fx"/>
    </material>
  </library_materials>
  <library_effects>
    <effect id="lambert1-fx" name="lambert1">
      <profile_COMMON>
        <technique sid="standard">
          <lambert>
            <emission>
              <color sid="emission">0.000000  0.000000 0.000000 1.000000</color>
            </emission>
            <ambient>
              <color sid="ambient">0.000000  0.000000 0.000000 1.000000</color>
            </ambient>
            <diffuse>
              <color sid="diffuse">0.400000  0.400000 0.400000 1.000000</color>
            </diffuse>
            <transparent opaque="RGB_ZERO">
              <color sid="transparent">0.000000  0.000000 0.000000 1.000000</color>
            </transparent>
            <transparency>
              <float sid="transparency">1.000000</float>
            </transparency>
          </lambert>
        </technique>
      </profile_COMMON>
    </effect>
  </library_effects>
  <library_geometries>
    <geometry id="pCube5-lib" name="pCube5Mesh">
      <mesh>
        <source id="pCube5-POSITION">
          <float_array id="pCube5-POSITION-array" count="24">
-0.500000 -0.500000 0.500000
0.500000 -0.500000 0.500000
-0.500000 0.500000 0.500000
0.500000 0.500000 0.500000
-0.500000 0.500000 -0.500000
0.500000 0.500000 -0.500000
-0.500000 -0.500000 -0.500000
0.500000 -0.500000 -0.500000
</float_array>
          <technique_common>
            <accessor source="#pCube5-POSITION-array" count="8" stride="3">
              <param name="X" type="float"/>
              <param name="Y" type="float"/>
              <param name="Z" type="float"/>
            </accessor>
          </technique_common>
        </source>
        <source id="pCube5-Normal0">
          <float_array id="pCube5-Normal0-array" count="108">
0.000000 0.000000 1.000000
0.000000 0.000000 1.000000
0.000000 0.000000 1.000000
0.000000 0.000000 1.000000
0.000000 0.000000 1.000000
0.000000 0.000000 1.000000
0.000000 1.000000 0.000000
0.000000 1.000000 0.000000
0.000000 1.000000 0.000000
0.000000 1.000000 0.000000
0.000000 1.000000 0.000000
0.000000 1.000000 0.000000
0.000000 0.000000 -1.000000
0.000000 0.000000 -1.000000
0.000000 0.000000 -1.000000
0.000000 0.000000 -1.000000
0.000000 0.000000 -1.000000
0.000000 0.000000 -1.000000
0.000000 -1.000000 0.000000
0.000000 -1.000000 0.000000
0.000000 -1.000000 0.000000
0.000000 -1.000000 0.000000
0.000000 -1.000000 0.000000
0.000000 -1.000000 0.000000
1.000000 0.000000 0.000000
1.000000 0.000000 0.000000
1.000000 0.000000 0.000000
1.000000 0.000000 0.000000
1.000000 0.000000 0.000000
1.000000 0.000000 0.000000
-1.000000 0.000000 0.000000
-1.000000 0.000000 0.000000
-1.000000 0.000000 0.000000
-1.000000 0.000000 0.000000
-1.000000 0.000000 0.000000
-1.000000 0.000000 0.000000
</float_array>
          <technique_common>
            <accessor source="#pCube5-Normal0-array" count="36" stride="3">
              <param name="X" type="float"/>
              <param name="Y" type="float"/>
              <param name="Z" type="float"/>
            </accessor>
          </technique_common>
        </source>
        <source id="pCube5-UV0">
          <float_array id="pCube5-UV0-array" count="28">
0.375000 0.000000
0.625000 0.000000
0.375000 0.250000
0.625000 0.250000
0.375000 0.500000
0.625000 0.500000
0.375000 0.750000
0.625000 0.750000
0.375000 1.000000
0.625000 1.000000
0.875000 0.000000
0.875000 0.250000
0.125000 0.000000
0.125000 0.250000
</float_array>
          <technique_common>
            <accessor source="#pCube5-UV0-array" count="14" stride="2">
              <param name="S" type="float"/>
              <param name="T" type="float"/>
            </accessor>
          </technique_common>
        </source>
        <vertices id="pCube5-VERTEX">
          <input semantic="POSITION" source="#pCube5-POSITION"/>
        </vertices>
        <triangles count="12" material="lambert1"><input semantic="VERTEX" offset="0" source="#pCube5-VERTEX"/><input semantic="NORMAL" offset="1" source="#pCube5-Normal0"/><input semantic="TEXCOORD" offset="2" set="0" source="#pCube5-UV0"/><p> 3 0 3 2 1 2 0 2 0 3 3 3 0 4 0 1 5 1 3 6 3 5 7 5 2 8 2 2 9 2 5 10 5 4 11 4 7 12 7 6 13 6 4 14 4 7 15 7 4 16 4 5 17 5 1 18 9 0 19 8 6 20 6 1 21 9 6 22 6 7 23 7 3 24 3 1 25 1 5 26 11 1 27 1 7 28 10 5 29 11 2 30 2 6 31 12 0 32 0 6 33 12 2 34 2 4 35 13</p></triangles>
      </mesh>
    </geometry>
    <geometry id="pCube3-lib" name="pCube3Mesh">
      <mesh>
        <source id="pCube3-POSITION">
          <float_array id="pCube3-POSITION-array" count="24">
-0.500000 -0.500000 0.500000
0.500000 -0.500000 0.500000
-0.500000 0.500000 0.500000
0.500000 0.500000 0.500000
-0.500000 0.500000 -0.500000
0.500000 0.500000 -0.500000
-0.500000 -0.500000 -0.500000
0.500000 -0.500000 -0.500000
</float_array>
          <technique_common>
            <accessor source="#pCube3-POSITION-array" count="8" stride="3">
              <param name="X" type="float"/>
              <param name="Y" type="float"/>
              <param name="Z" type="float"/>
            </accessor>
          </technique_common>
        </source>
        <source id="pCube3-Normal0">
          <float_array id="pCube3-Normal0-array" count="108">
0.000000 0.000000 1.000000
0.000000 0.000000 1.000000
0.000000 0.000000 1.000000
0.000000 0.000000 1.000000
0.000000 0.000000 1.000000
0.000000 0.000000 1.000000
0.000000 1.000000 0.000000
0.000000 1.000000 0.000000
0.000000 1.000000 0.000000
0.000000 1.000000 0.000000
0.000000 1.000000 0.000000
0.000000 1.000000 0.000000
0.000000 0.000000 -1.000000
0.000000 0.000000 -1.000000
0.000000 0.000000 -1.000000
0.000000 0.000000 -1.000000
0.000000 0.000000 -1.000000
0.000000 0.000000 -1.000000
0.000000 -1.000000 0.000000
0.000000 -1.000000 0.000000
0.000000 -1.000000 0.000000
0.000000 -1.000000 0.000000
0.000000 -1.000000 0.000000
0.000000 -1.000000 0.000000
1.000000 0.000000 0.000000
1.000000 0.000000 0.000000
1.000000 0.000000 0.000000
1.000000 0.000000 0.000000
1.000000 0.000000 0.000000
1.000000 0.000000 0.000000
-1.000000 0.000000 0.000000
-1.000000 0.000000 0.000000
-1.000000 0.000000 0.000000
-1.000000 0.000000 0.000000
-1.000000 0.000000 0.000000
-1.000000 0.000000 0.000000
</float_array>
          <technique_common>
            <accessor source="#pCube3-Normal0-array" count="36" stride="3">
              <param name="X" type="float"/>
              <param name="Y" type="float"/>
              <param name="Z" type="float"/>
            </accessor>
          </technique_common>
        </source>
        <source id="pCube3-UV0">
          <float_array id="pCube3-UV0-array" count="28">
0.375000 0.000000
0.625000 0.000000
0.375000 0.250000
0.625000 0.250000
0.375000 0.500000
0.625000 0.500000
0.375000 0.750000
0.625000 0.750000
0.375000 1.000000
0.625000 1.000000
0.875000 0.000000
0.875000 0.250000
0.125000 0.000000
0.125000 0.250000
</float_array>
          <technique_common>
            <accessor source="#pCube3-UV0-array" count="14" stride="2">
              <param name="S" type="float"/>
              <param name="T" type="float"/>
            </accessor>
          </technique_common>
        </source>
        <vertices id="pCube3-VERTEX">
          <input semantic="POSITION" source="#pCube3-POSITION"/>
        </vertices>
        <triangles count="12" material="lambert1"><input semantic="VERTEX" offset="0" source="#pCube3-VERTEX"/><input semantic="NORMAL" offset="1" source="#pCube3-Normal0"/><input semantic="TEXCOORD" offset="2" set="0" source="#pCube3-UV0"/><p> 3 0 3 2 1 2 0 2 0 3 3 3 0 4 0 1 5 1 3 6 3 5 7 5 2 8 2 2 9 2 5 10 5 4 11 4 7 12 7 6 13 6 4 14 4 7 15 7 4 16 4 5 17 5 1 18 9 0 19 8 6 20 6 1 21 9 6 22 6 7 23 7 3 24 3 1 25 1 5 26 11 1 27 1 7 28 10 5 29 11 2 30 2 6 31 12 0 32 0 6 33 12 2 34 2 4 35 13</p></triangles>
      </mesh>
    </geometry>
    <geometry id="pCube4-lib" name="pCube4Mesh">
      <mesh>
        <source id="pCube4-POSITION">
          <float_array id="pCube4-POSITION-array" count="24">
-0.500000 -0.500000 0.500000
0.500000 -0.500000 0.500000
-0.500000 0.500000 0.500000
0.500000 0.500000 0.500000
-0.500000 0.500000 -0.500000
0.500000 0.500000 -0.500000
-0.500000 -0.500000 -0.500000
0.500000 -0.500000 -0.500000
</float_array>
          <technique_common>
            <accessor source="#pCube4-POSITION-array" count="8" stride="3">
              <param name="X" type="float"/>
              <param name="Y" type="float"/>
              <param name="Z" type="float"/>
            </accessor>
          </technique_common>
        </source>
        <source id="pCube4-Normal0">
          <float_array id="pCube4-Normal0-array" count="108">
0.000000 0.000000 1.000000
0.000000 0.000000 1.000000
0.000000 0.000000 1.000000
0.000000 0.000000 1.000000
0.000000 0.000000 1.000000
0.000000 0.000000 1.000000
0.000000 1.000000 0.000000
0.000000 1.000000 0.000000
0.000000 1.000000 0.000000
0.000000 1.000000 0.000000
0.000000 1.000000 0.000000
0.000000 1.000000 0.000000
0.000000 0.000000 -1.000000
0.000000 0.000000 -1.000000
0.000000 0.000000 -1.000000
0.000000 0.000000 -1.000000
0.000000 0.000000 -1.000000
0.000000 0.000000 -1.000000
0.000000 -1.000000 0.000000
0.000000 -1.000000 0.000000
0.000000 -1.000000 0.000000
0.000000 -1.000000 0.000000
0.000000 -1.000000 0.000000
0.000000 -1.000000 0.000000
1.000000 0.000000 0.000000
1.000000 0.000000 0.000000
1.000000 0.000000 0.000000
1.000000 0.000000 0.000000
1.000000 0.000000 0.000000
1.000000 0.000000 0.000000
-1.000000 0.000000 0.000000
-1.000000 0.000000 0.000000
-1.000000 0.000000 0.000000
-1.000000 0.000000 0.000000
-1.000000 0.000000 0.000000
-1.000000 0.000000 0.000000
</float_array>
          <technique_common>
            <accessor source="#pCube4-Normal0-array" count="36" stride="3">
              <param name="X" type="float"/>
              <param name="Y" type="float"/>
              <param name="Z" type="float"/>
            </accessor>
          </technique_common>
        </source>
        <source id="pCube4-UV0">
          <float_array id="pCube4-UV0-array" count="28">
0.375000 0.000000
0.625000 0.000000
0.375000 0.250000
0.625000 0.250000
0.375000 0.500000
0.625000 0.500000
0.375000 0.750000
0.625000 0.750000
0.375000 1.000000
0.625000 1.000000
0.875000 0.000000
0.875000 0.250000
0.125000 0.000000
0.125000 0.250000
</float_array>
          <technique_common>
            <accessor source="#pCube4-UV0-array" count="14" stride="2">
              <param name="S" type="float"/>
              <param name="T" type="float"/>
            </accessor>
          </technique_common>
        </source>
        <vertices id="pCube4-VERTEX">
          <input semantic="POSITION" source="#pCube4-POSITION"/>
        </vertices>
        <triangles count="12" material="lambert1"><input semantic="VERTEX" offset="0" source="#pCube4-VERTEX"/><input semantic="NORMAL" offset="1" source="#pCube4-Normal0"/><input semantic="TEXCOORD" offset="2" set="0" source="#pCube4-UV0"/><p> 3 0 3 2 1 2 0 2 0 3 3 3 0 4 0 1 5 1 3 6 3 5 7 5 2 8 2 2 9 2 5 10 5 4 11 4 7 12 7 6 13 6 4 14 4 7 15 7 4 16 4 5 17 5 1 18 9 0 19 8 6 20 6 1 21 9 6 22 6 7 23 7 3 24 3 1 25 1 5 26 11 1 27 1 7 28 10 5 29 11 2 30 2 6 31 12 0 32 0 6 33 12 2 34 2 4 35 13</p></triangles>
      </mesh>
    </geometry>
  </library_geometries>
  <library_animations>
    <animation id="pCube5-anim" name="pCube5"><animation><source id="pCube5-Matrix-animation-input"><float_array id="pCube5-Matrix-animation-input-array" count="42">

0.041667 0.083333 0.125000 0.166667 0.208333 0.250000 0.291667 0.333333 0.375000 0.416667 0.458333 0.500000 0.541667 0.583333 0.625000 0.666667
0.708333 0.750000 0.791667 0.833333 0.875000 0.916667 0.958333 1.000000 1.041667 1.083333 1.125000 1.166667 1.208333 1.250000 1.291667 1.333333
1.375000 1.416667 1.458333 1.500000 1.541667 1.583333 1.625000 1.666667 1.708333 1.750000</float_array><technique_common><accessor source="#pCube5-Matrix-animation-input-array" count="42"><param name="TIME" type="float"/></accessor></technique_common></source><source id="pCube5-Matrix-animation-output-transform"><float_array id="pCube5-Matrix-animation-output-transform-array" count="672">

1.000000 0.000000 0.000000 -0.001780 0.000000 1.000000 0.000000 1.330209 0.000000 0.000000 1.000000 0.041171 0.000000 0.000000 0.000000 1.000000
1.000000 0.000000 0.000000 -0.001780 0.000000 1.000000 0.000000 1.330209 0.000000 0.000000 1.000000 0.041171 0.000000 0.000000 0.000000 1.000000
1.000000 0.000000 0.000000 -0.001780 0.000000 0.999896 -0.014409 1.330209 0.000000 0.014409 0.999896 0.041171 0.000000 0.000000 0.000000 1.000000
1.000000 0.000000 0.000000 -0.001780 0.000000 0.998465 -0.055393 1.330209 0.000000 0.055393 0.998465 0.041171 0.000000 0.000000 0.000000 1.000000
1.000000 0.000000 0.000000 -0.001780 0.000000 0.992843 -0.119424 1.330209 0.000000 0.119424 0.992843 0.041171 0.000000 0.000000 0.000000 1.000000
1.000000 0.000000 0.000000 -0.001780 0.000000 0.979274 -0.202539 1.330209 0.000000 0.202539 0.979274 0.041171 0.000000 0.000000 0.000000 1.000000
1.000000 0.000000 0.000000 -0.001780 0.000000 0.953902 -0.300119 1.330209 0.000000 0.300119 0.953902 0.041171 0.000000 0.000000 0.000000 1.000000
1.000000 0.000000 0.000000 -0.001780 0.000000 0.913502 -0.406833 1.330209 0.000000 0.406833 0.913502 0.041171 0.000000 0.000000 0.000000 1.000000
1.000000 0.000000 0.000000 -0.001780 0.000000 0.856096 -0.516817 1.330209 0.000000 0.516817 0.856096 0.041171 0.000000 0.000000 0.000000 1.000000
1.000000 0.000000 0.000000 -0.001780 0.000000 0.781380 -0.624056 1.330209 0.000000 0.624056 0.781380 0.041171 0.000000 0.000000 0.000000 1.000000
1.000000 0.000000 0.000000 -0.001780 0.000000 0.690915 -0.722936 1.330209 0.000000 0.722936 0.690915 0.041171 0.000000 0.000000 0.000000 1.000000
1.000000 0.000000 0.000000 -0.001780 0.000000 0.588041 -0.808831 1.330209 0.000000 0.808831 0.588041 0.041171 0.000000 0.000000 0.000000 1.000000
1.000000 0.000000 0.000000 -0.001780 0.000000 0.477529 -0.878616 1.330209 0.000000 0.878616 0.477529 0.041171 0.000000 0.000000 0.000000 1.000000
1.000000 0.000000 0.000000 -0.001780 0.000000 0.365059 -0.930984 1.330209 0.000000 0.930984 0.365059 0.041171 0.000000 0.000000 0.000000 1.000000
1.000000 0.000000 0.000000 -0.001780 0.000000 0.256625 -0.966511 1.330209 0.000000 0.966511 0.256625 0.041171 0.000000 0.000000 0.000000 1.000000
1.000000 0.000000 0.000000 -0.001780 0.000000 0.157997 -0.987440 1.330209 0.000000 0.987440 0.157997 0.041171 0.000000 0.000000 0.000000 1.000000
1.000000 0.000000 0.000000 -0.001780 0.000000 0.074353 -0.997232 1.330209 0.000000 0.997232 0.074353 0.041171 0.000000 0.000000 0.000000 1.000000
1.000000 0.000000 0.000000 -0.001780 0.000000 0.010132 -0.999949 1.330209 0.000000 0.999949 0.010132 0.041171 0.000000 0.000000 0.000000 1.000000
1.000000 0.000000 0.000000 -0.001780 0.000000 -0.030874 -0.999523 1.330209 0.000000 0.999523 -0.030874 0.041171 0.000000 0.000000 0.000000 1.000000
1.000000 0.000000 0.000000 -0.001780 0.000000 -0.045273 -0.998975 1.330209 0.000000 0.998975 -0.045273 0.041171 0.000000 0.000000 0.000000 1.000000
1.000000 0.000000 0.000000 -0.001780 0.000000 -0.035567 -0.999367 1.330209 0.000000 0.999367 -0.035567 0.041171 0.000000 0.000000 0.000000 1.000000
1.000000 0.000000 0.000000 -0.001780 0.000000 -0.007649 -0.999971 1.330209 0.000000 0.999971 -0.007649 0.041171 0.000000 0.000000 0.000000 1.000000
1.000000 0.000000 0.000000 -0.001780 0.000000 0.036661 -0.999328 1.330209 0.000000 0.999328 0.036661 0.041171 0.000000 0.000000 0.000000 1.000000
1.000000 0.000000 0.000000 -0.001780 0.000000 0.095412 -0.995438 1.330209 0.000000 0.995438 0.095412 0.041171 0.000000 0.000000 0.000000 1.000000
1.000000 0.000000 0.000000 -0.001780 0.000000 0.166417 -0.986056 1.330209 0.000000 0.986056 0.166417 0.041171 0.000000 0.000000 0.000000 1.000000
1.000000 0.000000 0.000000 -0.001780 0.000000 0.247171 -0.968972 1.330209 0.000000 0.968972 0.247171 0.041171 0.000000 0.000000 0.000000 1.000000
1.000000 0.000000 0.000000 -0.001780 0.000000 0.334835 -0.942277 1.330209 0.000000 0.942277 0.334835 0.041171 0.000000 0.000000 0.000000 1.000000
1.000000 0.000000 0.000000 -0.001780 0.000000 0.426290 -0.904587 1.330209 0.000000 0.904587 0.426290 0.041171 0.000000 0.000000 0.000000 1.000000
1.000000 0.000000 0.000000 -0.001780 0.000000 0.518253 -0.855227 1.330209 0.000000 0.855227 0.518253 0.041171 0.000000 0.000000 0.000000 1.000000
1.000000 0.000000 0.000000 -0.001780 0.000000 0.607469 -0.794344 1.330209 0.000000 0.794344 0.607469 0.041171 0.000000 0.000000 0.000000 1.000000
1.000000 0.000000 0.000000 -0.001780 0.000000 0.690915 -0.722936 1.330209 0.000000 0.722936 0.690915 0.041171 0.000000 0.000000 0.000000 1.000000
1.000000 0.000000 0.000000 -0.001780 0.000000 0.766027 -0.642808 1.330209 0.000000 0.642808 0.766027 0.041171 0.000000 0.000000 0.000000 1.000000
1.000000 0.000000 0.000000 -0.001780 0.000000 0.830887 -0.556440 1.330209 0.000000 0.556440 0.830887 0.041171 0.000000 0.000000 0.000000 1.000000
1.000000 0.000000 0.000000 -0.001780 0.000000 0.884360 -0.466806 1.330209 0.000000 0.466806 0.884360 0.041171 0.000000 0.000000 0.000000 1.000000
1.000000 0.000000 0.000000 -0.001780 0.000000 0.926151 -0.377152 1.330209 0.000000 0.377152 0.926151 0.041171 0.000000 0.000000 0.000000 1.000000
1.000000 0.000000 0.000000 -0.001780 0.000000 0.956788 -0.290786 1.330209 0.000000 0.290786 0.956788 0.041171 0.000000 0.000000 0.000000 1.000000
1.000000 0.000000 0.000000 -0.001780 0.000000 0.977510 -0.210888 1.330209 0.000000 0.210888 0.977510 0.041171 0.000000 0.000000 0.000000 1.000000
1.000000 0.000000 0.000000 -0.001780 0.000000 0.990098 -0.140381 1.330209 0.000000 0.140381 0.990098 0.041171 0.000000 0.000000 0.000000 1.000000
1.000000 0.000000 0.000000 -0.001780 0.000000 0.996643 -0.081866 1.330209 0.000000 0.081866 0.996643 0.041171 0.000000 0.000000 0.000000 1.000000
1.000000 0.000000 0.000000 -0.001780 0.000000 0.999292 -0.037631 1.330209 0.000000 0.037631 0.999292 0.041171 0.000000 0.000000 0.000000 1.000000
1.000000 0.000000 0.000000 -0.001780 0.000000 0.999953 -0.009713 1.330209 0.000000 0.009713 0.999953 0.041171 0.000000 0.000000 0.000000 1.000000
1.000000 0.000000 0.000000 -0.001780 0.000000 1.000000 0.000000 1.330209 0.000000 0.000000 1.000000 0.041171 0.000000 0.000000 0.000000 1.000000</float_array><technique_common><accessor source="#pCube5-Matrix-animation-output-transform-array" count="42" stride="16"><param type="float4x4"/></accessor></technique_common></source><source id="pCube5-Interpolations"><Name_array id="pCube5-Interpolations-array" count="42">
 LINEAR LINEAR LINEAR LINEAR LINEAR LINEAR LINEAR LINEAR LINEAR LINEAR LINEAR
LINEAR LINEAR LINEAR LINEAR LINEAR LINEAR LINEAR LINEAR LINEAR LINEAR LINEAR LINEAR
LINEAR LINEAR LINEAR LINEAR LINEAR LINEAR LINEAR LINEAR LINEAR LINEAR LINEAR LINEAR
LINEAR LINEAR LINEAR LINEAR LINEAR LINEAR LINEAR</Name_array><technique_common><accessor source="#pCube5-Interpolations-array" count="42"><param type="name"/></accessor></technique_common></source><sampler id="pCube5-Matrix-animation-transform"><input semantic="INPUT" source="#pCube5-Matrix-animation-input"/><input semantic="OUTPUT" source="#pCube5-Matrix-animation-output-transform"/><input semantic="INTERPOLATION" source="#pCube5-Interpolations"/></sampler><channel source="#pCube5-Matrix-animation-transform" target="pCube5/matrix"/></animation><animation><source id="pCube5-visibility-animation-input"><float_array id="pCube5-visibility-animation-input-array" count="3">

0.041667 0.083333 1.750000</float_array><technique_common><accessor source="#pCube5-visibility-animation-input-array" count="3"><param name="TIME" type="float"/></accessor></technique_common></source><source id="pCube5-visibility-animation-output"><float_array id="pCube5-visibility-animation-output-array" count="3">

1.000000 1.000000 1.000000</float_array><technique_common><accessor source="#pCube5-visibility-animation-output-array" count="3"><param type="float"/></accessor></technique_common></source><source id="pCube5-visibility-animation-intan"><float_array id="pCube5-visibility-animation-intan-array" count="3">

0.000000 0.000000 0.000000</float_array><technique_common><accessor source="#pCube5-visibility-animation-intan-array" count="3"><param type="float"/></accessor></technique_common></source><source id="pCube5-visibility-animation-outtan"><float_array id="pCube5-visibility-animation-outtan-array" count="3">

0.000000 0.000000 0.000000</float_array><technique_common><accessor source="#pCube5-visibility-animation-outtan-array" count="3"><param type="float"/></accessor></technique_common></source><source id="pCube5-visibility-animation-interpolation"><Name_array id="pCube5-visibility-animation-interpolation-array" count="3">
 STEP STEP STEP</Name_array><technique_common><accessor source="#pCube5-visibility-animation-interpolation-array" count="3"><param type="name"/></accessor></technique_common></source><sampler id="pCube5-visibility-animation"><input semantic="INPUT" source="#pCube5-visibility-animation-input"/><input semantic="OUTPUT" source="#pCube5-visibility-animation-output"/><input semantic="IN_TANGENT" source="#pCube5-visibility-animation-intan"/><input semantic="OUT_TANGENT" source="#pCube5-visibility-animation-outtan"/><input semantic="INTERPOLATION" source="#pCube5-visibility-animation-interpolation"/></sampler><channel source="#pCube5-visibility-animation" target="pCube5/visibility"/></animation></animation>
    <animation id="pCube3-anim" name="pCube3"><animation><source id="pCube3-Matrix-animation-input"><float_array id="pCube3-Matrix-animation-input-array" count="42">

0.041667 0.083333 0.125000 0.166667 0.208333 0.250000 0.291667 0.333333 0.375000 0.416667 0.458333 0.500000 0.541667 0.583333 0.625000 0.666667
0.708333 0.750000 0.791667 0.833333 0.875000 0.916667 0.958333 1.000000 1.041667 1.083333 1.125000 1.166667 1.208333 1.250000 1.291667 1.333333
1.375000 1.416667 1.458333 1.500000 1.541667 1.583333 1.625000 1.666667 1.708333 1.750000</float_array><technique_common><accessor source="#pCube3-Matrix-animation-input-array" count="42"><param name="TIME" type="float"/></accessor></technique_common></source><source id="pCube3-Matrix-animation-output-transform"><float_array id="pCube3-Matrix-animation-output-transform-array" count="672">

0.592984 0.000000 0.000000 0.001056 0.000000 0.592984 0.000000 1.191750 0.000000 0.000000 0.592984 -0.024414 0.000000 0.000000 0.000000 1.000000
0.592984 0.000000 0.000000 0.001056 0.000000 0.592984 0.000000 1.191750 0.000000 0.000000 0.592984 -0.024414 0.000000 0.000000 0.000000 1.000000
0.592984 0.000000 0.000000 0.001056 0.000000 0.592923 -0.008544 1.191750 0.000000 0.008544 0.592923 -0.024414 0.000000 0.000000 0.000000 1.000000
0.592984 0.000000 0.000000 0.001056 0.000000 0.592074 -0.032847 1.191750 0.000000 0.032847 0.592074 -0.024414 0.000000 0.000000 0.000000 1.000000
0.592984 0.000000 0.000000 0.001056 0.000000 0.588741 -0.070817 1.191750 0.000000 0.070817 0.588741 -0.024414 0.000000 0.000000 0.000000 1.000000
0.592984 0.000000 0.000000 0.001056 0.000000 0.580694 -0.120103 1.191750 0.000000 0.120103 0.580694 -0.024414 0.000000 0.000000 0.000000 1.000000
0.592984 0.000000 0.000000 0.001056 0.000000 0.565649 -0.177966 1.191750 0.000000 0.177966 0.565649 -0.024414 0.000000 0.000000 0.000000 1.000000
0.592984 0.000000 0.000000 0.001056 0.000000 0.541693 -0.241246 1.191750 0.000000 0.241246 0.541693 -0.024414 0.000000 0.000000 0.000000 1.000000
0.592984 0.000000 0.000000 0.001056 0.000000 0.507651 -0.306464 1.191750 0.000000 0.306464 0.507651 -0.024414 0.000000 0.000000 0.000000 1.000000
0.592984 0.000000 0.000000 0.001056 0.000000 0.463346 -0.370055 1.191750 0.000000 0.370055 0.463346 -0.024414 0.000000 0.000000 0.000000 1.000000
0.592984 0.000000 0.000000 0.001056 0.000000 0.409702 -0.428690 1.191750 0.000000 0.428690 0.409702 -0.024414 0.000000 0.000000 0.000000 1.000000
0.592984 0.000000 0.000000 0.001056 0.000000 0.348699 -0.479624 1.191750 0.000000 0.479624 0.348699 -0.024414 0.000000 0.000000 0.000000 1.000000
0.592984 0.000000 0.000000 0.001056 0.000000 0.283167 -0.521006 1.191750 0.000000 0.521006 0.283167 -0.024414 0.000000 0.000000 0.000000 1.000000
0.592984 0.000000 0.000000 0.001056 0.000000 0.216474 -0.552059 1.191750 0.000000 0.552059 0.216474 -0.024414 0.000000 0.000000 0.000000 1.000000
0.592984 0.000000 0.000000 0.001056 0.000000 0.152175 -0.573126 1.191750 0.000000 0.573126 0.152175 -0.024414 0.000000 0.000000 0.000000 1.000000
0.592984 0.000000 0.000000 0.001056 0.000000 0.093690 -0.585536 1.191750 0.000000 0.585536 0.093690 -0.024414 0.000000 0.000000 0.000000 1.000000
0.592984 0.000000 0.000000 0.001056 0.000000 0.044090 -0.591343 1.191750 0.000000 0.591343 0.044090 -0.024414 0.000000 0.000000 0.000000 1.000000
0.592984 0.000000 0.000000 0.001056 0.000000 0.006008 -0.592954 1.191750 0.000000 0.592954 0.006008 -0.024414 0.000000 0.000000 0.000000 1.000000
0.592984 0.000000 0.000000 0.001056 0.000000 -0.018308 -0.592702 1.191750 0.000000 0.592702 -0.018308 -0.024414 0.000000 0.000000 0.000000 1.000000
0.592984 0.000000 0.000000 0.001056 0.000000 -0.026846 -0.592376 1.191750 0.000000 0.592376 -0.026846 -0.024414 0.000000 0.000000 0.000000 1.000000
0.592984 0.000000 0.000000 0.001056 0.000000 -0.021091 -0.592609 1.191750 0.000000 0.592609 -0.021091 -0.024414 0.000000 0.000000 0.000000 1.000000
0.592984 0.000000 0.000000 0.001056 0.000000 -0.004536 -0.592967 1.191750 0.000000 0.592967 -0.004536 -0.024414 0.000000 0.000000 0.000000 1.000000
0.592984 0.000000 0.000000 0.001056 0.000000 0.021739 -0.592586 1.191750 0.000000 0.592586 0.021739 -0.024414 0.000000 0.000000 0.000000 1.000000
0.592984 0.000000 0.000000 0.001056 0.000000 0.056578 -0.590279 1.191750 0.000000 0.590279 0.056578 -0.024414 0.000000 0.000000 0.000000 1.000000
0.592984 0.000000 0.000000 0.001056 0.000000 0.098682 -0.584715 1.191750 0.000000 0.584715 0.098682 -0.024414 0.000000 0.000000 0.000000 1.000000
0.592984 0.000000 0.000000 0.001056 0.000000 0.146568 -0.574585 1.191750 0.000000 0.574585 0.146568 -0.024414 0.000000 0.000000 0.000000 1.000000
0.592984 0.000000 0.000000 0.001056 0.000000 0.198552 -0.558755 1.191750 0.000000 0.558755 0.198552 -0.024414 0.000000 0.000000 0.000000 1.000000
0.592984 0.000000 0.000000 0.001056 0.000000 0.252783 -0.536406 1.191750 0.000000 0.536406 0.252783 -0.024414 0.000000 0.000000 0.000000 1.000000
0.592984 0.000000 0.000000 0.001056 0.000000 0.307316 -0.507136 1.191750 0.000000 0.507136 0.307316 -0.024414 0.000000 0.000000 0.000000 1.000000
0.592984 0.000000 0.000000 0.001056 0.000000 0.360219 -0.471033 1.191750 0.000000 0.471033 0.360219 -0.024414 0.000000 0.000000 0.000000 1.000000
0.592984 0.000000 0.000000 0.001056 0.000000 0.409702 -0.428690 1.191750 0.000000 0.428690 0.409702 -0.024414 0.000000 0.000000 0.000000 1.000000
0.592984 0.000000 0.000000 0.001056 0.000000 0.454242 -0.381175 1.191750 0.000000 0.381175 0.454242 -0.024414 0.000000 0.000000 0.000000 1.000000
0.592984 0.000000 0.000000 0.001056 0.000000 0.492703 -0.329960 1.191750 0.000000 0.329960 0.492703 -0.024414 0.000000 0.000000 0.000000 1.000000
0.592984 0.000000 0.000000 0.001056 0.000000 0.524412 -0.276808 1.191750 0.000000 0.276808 0.524412 -0.024414 0.000000 0.000000 0.000000 1.000000
0.592984 0.000000 0.000000 0.001056 0.000000 0.549193 -0.223645 1.191750 0.000000 0.223645 0.549193 -0.024414 0.000000 0.000000 0.000000 1.000000
0.592984 0.000000 0.000000 0.001056 0.000000 0.567360 -0.172431 1.191750 0.000000 0.172431 0.567360 -0.024414 0.000000 0.000000 0.000000 1.000000
0.592984 0.000000 0.000000 0.001056 0.000000 0.579648 -0.125053 1.191750 0.000000 0.125053 0.579648 -0.024414 0.000000 0.000000 0.000000 1.000000
0.592984 0.000000 0.000000 0.001056 0.000000 0.587112 -0.083244 1.191750 0.000000 0.083244 0.587112 -0.024414 0.000000 0.000000 0.000000 1.000000
0.592984 0.000000 0.000000 0.001056 0.000000 0.590994 -0.048545 1.191750 0.000000 0.048545 0.590994 -0.024414 0.000000 0.000000 0.000000 1.000000
0.592984 0.000000 0.000000 0.001056 0.000000 0.592564 -0.022315 1.191750 0.000000 0.022315 0.592564 -0.024414 0.000000 0.000000 0.000000 1.000000
0.592984 0.000000 0.000000 0.001056 0.000000 0.592956 -0.005760 1.191750 0.000000 0.005760 0.592956 -0.024414 0.000000 0.000000 0.000000 1.000000
0.592984 0.000000 0.000000 0.001056 0.000000 0.592984 0.000000 1.191750 0.000000 0.000000 0.592984 -0.024414 0.000000 0.000000 0.000000 1.000000</float_array><technique_common><accessor source="#pCube3-Matrix-animation-output-transform-array" count="42" stride="16"><param type="float4x4"/></accessor></technique_common></source><source id="pCube3-Interpolations"><Name_array id="pCube3-Interpolations-array" count="42">
 LINEAR LINEAR LINEAR LINEAR LINEAR LINEAR LINEAR LINEAR LINEAR LINEAR LINEAR
LINEAR LINEAR LINEAR LINEAR LINEAR LINEAR LINEAR LINEAR LINEAR LINEAR LINEAR LINEAR
LINEAR LINEAR LINEAR LINEAR LINEAR LINEAR LINEAR LINEAR LINEAR LINEAR LINEAR LINEAR
LINEAR LINEAR LINEAR LINEAR LINEAR LINEAR LINEAR</Name_array><technique_common><accessor source="#pCube3-Interpolations-array" count="42"><param type="name"/></accessor></technique_common></source><sampler id="pCube3-Matrix-animation-transform"><input semantic="INPUT" source="#pCube3-Matrix-animation-input"/><input semantic="OUTPUT" source="#pCube3-Matrix-animation-output-transform"/><input semantic="INTERPOLATION" source="#pCube3-Interpolations"/></sampler><channel source="#pCube3-Matrix-animation-transform" target="pCube3/matrix"/></animation><animation><source id="pCube3-visibility-animation-input"><float_array id="pCube3-visibility-animation-input-array" count="3">

0.041667 0.083333 1.750000</float_array><technique_common><accessor source="#pCube3-visibility-animation-input-array" count="3"><param name="TIME" type="float"/></accessor></technique_common></source><source id="pCube3-visibility-animation-output"><float_array id="pCube3-visibility-animation-output-array" count="3">

1.000000 1.000000 1.000000</float_array><technique_common><accessor source="#pCube3-visibility-animation-output-array" count="3"><param type="float"/></accessor></technique_common></source><source id="pCube3-visibility-animation-intan"><float_array id="pCube3-visibility-animation-intan-array" count="3">

0.000000 0.000000 0.000000</float_array><technique_common><accessor source="#pCube3-visibility-animation-intan-array" count="3"><param type="float"/></accessor></technique_common></source><source id="pCube3-visibility-animation-outtan"><float_array id="pCube3-visibility-animation-outtan-array" count="3">

0.000000 0.000000 0.000000</float_array><technique_common><accessor source="#pCube3-visibility-animation-outtan-array" count="3"><param type="float"/></accessor></technique_common></source><source id="pCube3-visibility-animation-interpolation"><Name_array id="pCube3-visibility-animation-interpolation-array" count="3">
 STEP STEP STEP</Name_array><technique_common><accessor source="#pCube3-visibility-animation-interpolation-array" count="3"><param type="name"/></accessor></technique_common></source><sampler id="pCube3-visibility-animation"><input semantic="INPUT" source="#pCube3-visibility-animation-input"/><input semantic="OUTPUT" source="#pCube3-visibility-animation-output"/><input semantic="IN_TANGENT" source="#pCube3-visibility-animation-intan"/><input semantic="OUT_TANGENT" source="#pCube3-visibility-animation-outtan"/><input semantic="INTERPOLATION" source="#pCube3-visibility-animation-interpolation"/></sampler><channel source="#pCube3-visibility-animation" target="pCube3/visibility"/></animation></animation>
    <animation id="pCube4-anim" name="pCube4"><animation><source id="pCube4-Matrix-animation-input"><float_array id="pCube4-Matrix-animation-input-array" count="42">

0.041667 0.083333 0.125000 0.166667 0.208333 0.250000 0.291667 0.333333 0.375000 0.416667 0.458333 0.500000 0.541667 0.583333 0.625000 0.666667
0.708333 0.750000 0.791667 0.833333 0.875000 0.916667 0.958333 1.000000 1.041667 1.083333 1.125000 1.166667 1.208333 1.250000 1.291667 1.333333
1.375000 1.416667 1.458333 1.500000 1.541667 1.583333 1.625000 1.666667 1.708333 1.750000</float_array><technique_common><accessor source="#pCube4-Matrix-animation-input-array" count="42"><param name="TIME" type="float"/></accessor></technique_common></source><source id="pCube4-Matrix-animation-output-transform"><float_array id="pCube4-Matrix-animation-output-transform-array" count="672">

1.686385 0.000000 0.000000 0.000000 0.000000 1.686385 0.000000 -0.859043 0.000000 0.000000 1.686385 0.000000 0.000000 0.000000 0.000000 1.000000
1.686385 0.000000 0.000000 0.000000 0.000000 1.686385 0.000000 -0.859043 0.000000 0.000000 1.686385 0.000000 0.000000 0.000000 0.000000 1.000000
1.686385 0.000000 0.000000 0.000000 0.000000 1.686210 -0.024299 -0.859043 0.000000 0.024299 1.686210 0.000000 0.000000 0.000000 0.000000 1.000000
1.686385 0.000000 0.000000 0.000000 0.000000 1.683796 -0.093414 -0.859043 0.000000 0.093414 1.683796 0.000000 0.000000 0.000000 0.000000 1.000000
1.686385 0.000000 0.000000 0.000000 0.000000 1.674316 -0.201395 -0.859043 0.000000 0.201395 1.674316 0.000000 0.000000 0.000000 0.000000 1.000000
1.686385 0.000000 0.000000 0.000000 0.000000 1.651433 -0.341559 -0.859043 0.000000 0.341559 1.651433 0.000000 0.000000 0.000000 0.000000 1.000000
1.686385 0.000000 0.000000 0.000000 0.000000 1.608646 -0.506116 -0.859043 0.000000 0.506116 1.608646 0.000000 0.000000 0.000000 0.000000 1.000000
1.686385 0.000000 0.000000 0.000000 0.000000 1.540517 -0.686078 -0.859043 0.000000 0.686078 1.540517 0.000000 0.000000 0.000000 0.000000 1.000000
1.686385 0.000000 0.000000 0.000000 0.000000 1.443708 -0.871553 -0.859043 0.000000 0.871553 1.443708 0.000000 0.000000 0.000000 0.000000 1.000000
1.686385 0.000000 0.000000 0.000000 0.000000 1.317707 -1.052399 -0.859043 0.000000 1.052399 1.317707 0.000000 0.000000 0.000000 0.000000 1.000000
1.686385 0.000000 0.000000 0.000000 0.000000 1.165149 -1.219149 -0.859043 0.000000 1.219149 1.165149 0.000000 0.000000 0.000000 0.000000 1.000000
1.686385 0.000000 0.000000 0.000000 0.000000 0.991663 -1.364001 -0.859043 0.000000 1.364001 0.991663 0.000000 0.000000 0.000000 0.000000 1.000000
1.686385 0.000000 0.000000 0.000000 0.000000 0.805298 -1.481685 -0.859043 0.000000 1.481685 0.805298 0.000000 0.000000 0.000000 0.000000 1.000000
1.686385 0.000000 0.000000 0.000000 0.000000 0.615630 -1.569998 -0.859043 0.000000 1.569998 0.615630 0.000000 0.000000 0.000000 0.000000 1.000000
1.686385 0.000000 0.000000 0.000000 0.000000 0.432768 -1.629910 -0.859043 0.000000 1.629910 0.432768 0.000000 0.000000 0.000000 0.000000 1.000000
1.686385 0.000000 0.000000 0.000000 0.000000 0.266444 -1.665204 -0.859043 0.000000 1.665204 0.266444 0.000000 0.000000 0.000000 0.000000 1.000000
1.686385 0.000000 0.000000 0.000000 0.000000 0.125387 -1.681717 -0.859043 0.000000 1.681717 0.125387 0.000000 0.000000 0.000000 0.000000 1.000000
1.686385 0.000000 0.000000 0.000000 0.000000 0.017087 -1.686299 -0.859043 0.000000 1.686299 0.017087 0.000000 0.000000 0.000000 0.000000 1.000000
1.686385 0.000000 0.000000 0.000000 0.000000 -0.052066 -1.685581 -0.859043 0.000000 1.685581 -0.052066 0.000000 0.000000 0.000000 0.000000 1.000000
1.686385 0.000000 0.000000 0.000000 0.000000 -0.076348 -1.684656 -0.859043 0.000000 1.684656 -0.076348 0.000000 0.000000 0.000000 0.000000 1.000000
1.686385 0.000000 0.000000 0.000000 0.000000 -0.059980 -1.685318 -0.859043 0.000000 1.685318 -0.059980 0.000000 0.000000 0.000000 0.000000 1.000000
1.686385 0.000000 0.000000 0.000000 0.000000 -0.012899 -1.686336 -0.859043 0.000000 1.686336 -0.012899 0.000000 0.000000 0.000000 0.000000 1.000000
1.686385 0.000000 0.000000 0.000000 0.000000 0.061825 -1.685252 -0.859043 0.000000 1.685252 0.061825 0.000000 0.000000 0.000000 0.000000 1.000000
1.686385 0.000000 0.000000 0.000000 0.000000 0.160901 -1.678692 -0.859043 0.000000 1.678692 0.160901 0.000000 0.000000 0.000000 0.000000 1.000000
1.686385 0.000000 0.000000 0.000000 0.000000 0.280642 -1.662870 -0.859043 0.000000 1.662870 0.280642 0.000000 0.000000 0.000000 0.000000 1.000000
1.686385 0.000000 0.000000 0.000000 0.000000 0.416825 -1.634060 -0.859043 0.000000 1.634060 0.416825 0.000000 0.000000 0.000000 0.000000 1.000000
1.686385 0.000000 0.000000 0.000000 0.000000 0.564661 -1.589041 -0.859043 0.000000 1.589041 0.564661 0.000000 0.000000 0.000000 0.000000 1.000000
1.686385 0.000000 0.000000 0.000000 0.000000 0.718888 -1.525482 -0.859043 0.000000 1.525482 0.718888 0.000000 0.000000 0.000000 0.000000 1.000000
1.686385 0.000000 0.000000 0.000000 0.000000 0.873974 -1.442243 -0.859043 0.000000 1.442243 0.873974 0.000000 0.000000 0.000000 0.000000 1.000000
1.686385 0.000000 0.000000 0.000000 0.000000 1.024426 -1.339570 -0.859043 0.000000 1.339570 1.024426 0.000000 0.000000 0.000000 0.000000 1.000000
1.686385 0.000000 0.000000 0.000000 0.000000 1.165149 -1.219149 -0.859043 0.000000 1.219149 1.165149 0.000000 0.000000 0.000000 0.000000 1.000000
1.686385 0.000000 0.000000 0.000000 0.000000 1.291817 -1.084022 -0.859043 0.000000 1.084022 1.291817 0.000000 0.000000 0.000000 0.000000 1.000000
1.686385 0.000000 0.000000 0.000000 0.000000 1.401196 -0.938373 -0.859043 0.000000 0.938373 1.401196 0.000000 0.000000 0.000000 0.000000 1.000000
1.686385 0.000000 0.000000 0.000000 0.000000 1.491371 -0.787214 -0.859043 0.000000 0.787214 1.491371 0.000000 0.000000 0.000000 0.000000 1.000000
1.686385 0.000000 0.000000 0.000000 0.000000 1.561848 -0.636023 -0.859043 0.000000 0.636023 1.561848 0.000000 0.000000 0.000000 0.000000 1.000000
1.686385 0.000000 0.000000 0.000000 0.000000 1.613514 -0.490377 -0.859043 0.000000 0.490377 1.613514 0.000000 0.000000 0.000000 0.000000 1.000000
1.686385 0.000000 0.000000 0.000000 0.000000 1.648459 -0.355638 -0.859043 0.000000 0.355638 1.648459 0.000000 0.000000 0.000000 0.000000 1.000000
1.686385 0.000000 0.000000 0.000000 0.000000 1.669686 -0.236736 -0.859043 0.000000 0.236736 1.669686 0.000000 0.000000 0.000000 0.000000 1.000000
1.686385 0.000000 0.000000 0.000000 0.000000 1.680725 -0.138058 -0.859043 0.000000 0.138058 1.680725 0.000000 0.000000 0.000000 0.000000 1.000000
1.686385 0.000000 0.000000 0.000000 0.000000 1.685191 -0.063460 -0.859043 0.000000 0.063460 1.685191 0.000000 0.000000 0.000000 0.000000 1.000000
1.686385 0.000000 0.000000 0.000000 0.000000 1.686306 -0.016380 -0.859043 0.000000 0.016380 1.686306 0.000000 0.000000 0.000000 0.000000 1.000000
1.686385 0.000000 0.000000 0.000000 0.000000 1.686385 0.000000 -0.859043 0.000000 0.000000 1.686385 0.000000 0.000000 0.000000 0.000000 1.000000</float_array><technique_common><accessor source="#pCube4-Matrix-animation-output-transform-array" count="42" stride="16"><param type="float4x4"/></accessor></technique_common></source><source id="pCube4-Interpolations"><Name_array id="pCube4-Interpolations-array" count="42">
 LINEAR LINEAR LINEAR LINEAR LINEAR LINEAR LINEAR LINEAR LINEAR LINEAR LINEAR
LINEAR LINEAR LINEAR LINEAR LINEAR LINEAR LINEAR LINEAR LINEAR LINEAR LINEAR LINEAR
LINEAR LINEAR LINEAR LINEAR LINEAR LINEAR LINEAR LINEAR LINEAR LINEAR LINEAR LINEAR
